0 21.67 11.5 1 5 3 0 1 1 11 1 2 0 1
1 20.17 8.17 2 6 4 1.96 1 1 14 0 2 60 159
0 15.83 0.585 2 8 8 1.5 1 1 2 0 2 100 1
0 58.67 4.46 2 11 8 3.04 1 1 6 0 2 43 561
1 33.5 1.75 2 14 8 4.5 1 1 4 1 2 253 858
1 41.42 5 2 11 8 5 1 1 6 1 2 470 1
1 34.92 5 2 14 8 7.5 1 1 6 1 2 0 1001
1 48.08 6.04 2 4 4 0.04 0 0 0 0 2 0 2691
1 29.58 4.5 2 9 4 7.5 1 1 2 1 2 330 1
0 22.42 5.665 2 11 4 2.585 1 1 7 0 2 129 3258
1 32.75 1.5 2 13 8 5.5 1 1 3 1 2 0 1
0 30.67 12 2 8 4 2 1 1 1 0 2 220 20
1 23.08 2.5 2 8 4 1.085 1 1 11 1 2 60 2185
1 27 0.75 2 8 8 4.25 1 1 3 1 2 312 151
1 23.08 11.5 2 9 8 2.125 1 1 11 1 2 290 285
1 25 12.5 2 6 4 3 1 0 0 1 1 20 1
1 39.58 13.915 2 9 4 8.625 1 1 6 1 2 70 1
0 47.75 8 2 8 4 7.875 1 1 6 1 2 0 1261
0 47.42 3 2 14 4 13.875 1 1 2 1 2 519 1705
1 23.17 0 2 13 4 0.08500 1 0 0 0 2 0 1
1 26.75 1.125 2 14 8 1.25 1 0 0 0 2 0 5299
1 16.17 0.04 2 8 4 0.04 0 0 0 0 2 0 1
0 52.83 15 2 8 4 5.5 1 1 14 0 2 0 2201
1 27.83 1.5 2 9 4 2 1 1 11 1 2 434 36
1 40 6.5 2 6 5 3.5 1 1 1 0 2 0 501
1 42.5 4.915 1 9 4 3.165 1 0 0 1 2 52 1443
1 56.75 12.25 2 7 4 1.25 1 1 4 1 2 200 1
0 24.5 0.5 2 11 8 1.5 1 0 0 0 2 280 825
1 40.25 21.5 2 10 9 20 1 1 11 0 2 0 1201
0 32.17 1.46 2 9 4 1.085 1 1 16 0 2 120 2080
1 25.17 3.5 2 13 4 0.625 1 1 7 0 2 0 7060
1 37.58 0 2 8 4 0 0 0 0 0 3 184 1
0 47 13 2 3 5 5.165 1 1 9 1 2 0 1
1 34.17 5.25 2 9 4 0.08500 0 0 0 1 2 290 7
1 21.25 1.5 2 9 4 1.5 0 0 0 0 2 150 9
0 20.42 0.835 2 11 4 1.585 1 1 1 0 2 0 1
1 38.67 0.21 2 4 4 0.08500 1 0 0 1 2 280 1
1 27.67 13.75 2 9 4 5.75 1 0 0 1 2 487 501
1 27.75 0.585 1 13 4 0.25 1 1 2 0 2 260 501
0 25 0.875 2 14 8 1.04 1 0 0 1 2 160 5861
1 27.67 2 2 14 8 1 1 1 4 0 2 140 7545
0 49.83 13.585 2 4 8 8.5 1 0 0 1 2 0 1
0 35.75 0.915 2 6 4 0.75 1 1 4 0 2 0 1584
1 34.08 0.08 1 7 5 0.04 1 1 1 1 2 280 2001
0 20.75 10.335 2 13 8 0.335 1 1 1 1 2 80 51
1 33.17 1 2 14 4 0.75 1 1 7 1 2 340 4072
1 22.75 11 2 11 4 2.5 1 1 7 1 2 100 810
1 48.75 8.5 2 8 8 12.5 1 1 9 0 2 181 1656
1 40.58 5 2 8 4 5 1 1 7 0 2 0 3066
0 57.08 19.5 2 8 4 5.5 1 1 7 0 2 0 3001
0 58.33 10 2 11 4 4 1 1 14 0 2 0 1603
0 46 4 2 5 3 0 1 0 0 0 2 100 961
1 21 3 1 2 4 1.085 1 1 8 1 2 160 2
0 24.75 12.5 2 6 4 1.5 1 1 12 1 2 120 568
1 25.75 0.5 2 8 4 1.46 1 1 5 1 2 312 1
0 46.08 3 2 8 4 2.375 1 1 8 1 2 396 4160
1 64.08 20 2 14 8 17.5 1 1 9 1 2 0 1001
1 76.75 22.29 2 10 9 12.75 1 1 1 1 2 0 110
0 47.42 8 2 10 5 6.5 1 1 6 0 2 375 51101
1 23.17 0 2 8 4 0 0 0 0 0 3 184 1
1 52.5 6.5 2 4 4 6.29 1 1 15 0 2 0 11203
1 19.17 0 1 7 5 0 0 0 0 1 1 500 2
1 18 0.165 2 11 7 0.21 0 0 0 0 2 200 41
1 22.67 1.585 1 9 4 3.085 1 1 6 0 2 80 1
1 43.08 0.375 1 8 4 0.375 1 1 8 1 2 300 163
1 34.5 4.04 1 3 5 8.5 1 1 7 1 2 195 1
0 18.92 9.25 1 8 4 1 1 1 4 1 2 80 501
0 23.5 9 2 11 4 8.5 1 1 5 1 2 120 1
1 41.17 4.04 2 13 8 7 1 1 8 0 2 320 1
1 42.17 5.04 2 11 8 12.75 1 0 0 1 2 92 1
1 25.67 12.5 2 13 4 1.21 1 1 67 1 2 140 259
1 24.33 6.625 1 2 4 5.5 1 0 0 1 1 100 1
1 23.33 11.625 1 9 4 0.835 1 0 0 1 2 160 301
1 29.25 14.79 2 6 4 5.04 1 1 5 1 2 168 1
1 25 11.25 2 8 4 2.5 1 1 17 0 2 200 1209
0 18.75 7.5 2 11 4 2.71 1 1 5 0 2 184 26727
0 20.33 10 2 8 8 1 1 1 4 0 2 50 1466
1 33.17 1.04 2 12 8 6.5 1 0 0 1 2 164 31286
1 30.83 0 2 9 4 1.25 1 1 1 0 2 202 1
0 29.5 0.46 2 4 4 0.54 1 1 4 0 2 380 501
1 54.42 0.5 1 4 8 3.96 1 0 0 0 2 180 315
1 24.17 0.875 2 11 4 4.625 1 1 2 1 2 520 2001
1 25.33 0.58 2 8 4 0.29 1 1 7 1 2 96 5125
1 20.25 9.960 2 10 2 0 1 0 0 0 2 0 1
1 45 8.5 2 13 8 14 1 1 1 1 2 88 2001
0 22.83 2.29 2 11 8 2.29 1 1 7 1 2 140 2385
0 20.67 3 2 11 4 0.165 1 1 3 0 2 100 7
1 56.42 28 1 8 4 28.5 1 1 40 0 2 0 16
0 64.08 0.165 2 1 1 0 1 1 1 0 2 232 101
0 22.42 11.25 1 14 8 0.75 1 1 4 0 2 0 322
1 48.33 12 2 7 4 16 1 0 0 0 1 110 1
0 28.08 15 1 10 9 0 1 0 0 0 2 0 13213
1 35.17 2.5 2 4 4 4.5 1 1 7 0 2 150 1271
1 49.5 7.585 2 3 5 7.585 1 1 15 1 2 0 5001
1 28 2 2 4 8 4.165 1 1 2 1 2 181 1
1 41.5 1.54 2 3 5 3.5 0 0 0 0 2 216 1
1 34.75 15 2 12 7 5.375 1 1 9 1 2 0 135
0 40.83 10 2 11 8 1.75 1 0 0 0 2 29 838
1 20.42 1.835 2 8 4 2.25 1 1 1 0 2 100 151
1 37.5 1.125 1 2 4 1.5 0 0 0 1 2 431 1
1 48.5 4.25 2 7 4 0.125 1 0 0 1 2 225 1
1 22.67 10.5 2 11 8 1.335 1 0 0 0 2 100 1
0 25.08 2.54 1 6 4 0.25 1 0 0 1 2 370 1
1 36.33 2.125 1 9 4 0.08500 1 1 1 0 2 50 1188
1 34.17 1.54 2 13 4 1.54 1 1 1 1 2 520 50001
1 23.25 1 2 8 4 0.835 1 0 0 0 1 300 1
0 20.08 0.125 2 11 4 1 0 1 1 0 2 240 769
1 22.33 11 2 9 4 2 1 1 1 0 2 80 279
1 48.25 25.085 2 9 4 1.75 1 1 3 0 2 120 15
1 25.08 1.71 2 14 4 1.665 1 1 1 1 2 395 21
1 65.42 11 2 10 9 20 1 1 7 1 2 22 1
1 41.33 0 2 8 5 15 1 0 0 0 2 0 1
1 21.92 0.54 1 14 4 0.04 1 1 1 1 2 840 60
1 34.25 3 2 13 8 7.415 1 0 0 1 2 0 1
1 39.17 1.71 2 14 4 0.125 1 1 5 1 2 480 1
1 39 5 2 13 4 3.5 1 1 10 1 2 0 1
1 39.33 5.875 2 13 8 10 1 1 14 1 2 399 1
1 21.33 10.5 2 8 4 3 1 0 0 1 2 0 1
0 19.67 0.21 2 11 8 0.29 1 1 11 0 2 80 100
1 21.83 0.25 2 2 8 0.665 1 0 0 1 2 0 1
0 50.08 12.54 2 6 4 2.29 1 1 3 1 2 156 1
0 24.5 12.75 2 8 5 4.75 1 1 2 0 2 73 445
1 21 4.79 1 9 4 2.25 1 1 1 1 2 80 301
1 22.08 11 2 13 4 0.665 1 0 0 0 2 100 1
1 18.08 5.5 2 4 4 0.5 1 0 0 0 2 80 1
1 36.67 4.415 1 4 4 0.25 1 1 10 1 2 320 1
1 38.17 10.125 2 14 4 2.5 1 1 6 0 2 520 197
0 60.92 5 2 6 4 4 1 1 4 0 2 0 100
1 20.17 5.625 2 9 4 1.71 1 0 0 0 1 120 1
1 23.25 4 2 8 5 0.25 1 0 0 1 2 160 1
0 36 1 2 8 4 2 1 1 11 0 2 0 457
0 18.83 4.415 1 8 8 3 1 0 0 0 2 240 1
0 22.58 10.75 2 11 4 0.415 1 1 5 1 2 0 561
1 39.92 6.21 2 11 4 0.04 1 1 1 0 2 200 301
1 22.67 0.165 2 8 3 2.25 0 0 0 1 1 0 1
0 23.42 0.79 1 11 4 1.5 1 1 2 1 2 80 401
0 30 5.29 2 10 2 2.25 1 1 5 1 2 99 501
0 40.33 7.54 1 11 8 8 1 1 14 0 2 0 2301
0 25.17 2.875 2 14 8 0.875 1 0 0 0 2 360 1
1 31.57 4 2 14 4 5 1 1 3 1 2 290 2280
1 27.25 1.665 2 13 8 5.085 1 1 9 0 2 399 828
1 67.75 5.5 2 10 9 13 1 1 1 1 2 0 1
0 18.83 9.5 2 9 4 1.625 1 1 6 1 2 40 601
1 51.58 15 2 8 4 8.5 1 1 9 0 2 0 1
1 33.58 2.75 2 7 4 4.25 1 1 6 0 2 204 1
0 20.83 3 2 6 4 0.04 1 0 0 0 2 100 1
1 35.17 4.5 2 14 8 5.75 0 0 0 1 1 711 1
0 58.42 21 2 3 5 10 1 1 13 0 2 0 6701
1 28.25 0.875 2 7 4 0.96 1 1 3 1 2 396 1
1 19.42 6.5 2 9 8 1.46 1 1 7 0 2 80 2955
1 39.08 6 2 7 4 1.29 1 1 5 1 2 108 1098
0 41.17 6.5 2 11 4 0.5 1 1 3 1 2 145 1
1 28.92 15 2 8 8 5.335 1 1 11 0 2 0 2284
1 38.58 3.335 2 9 4 4 1 1 14 0 2 383 1345
1 25.17 6 2 8 4 1 1 1 3 0 2 0 1
1 73.42 17.75 2 1 1 0 1 0 0 1 2 0 1
0 19.17 8.585 2 13 8 0.75 1 1 7 0 2 96 1
0 25.58 0 2 8 4 0 0 0 0 0 3 184 1
1 27 1.5 1 9 4 0.375 1 0 0 1 2 260 1066
0 28.75 3.75 2 8 4 1.085 1 1 1 1 2 371 1
1 53.92 9.625 2 10 4 8.665 1 1 5 0 2 0 1
0 56.5 16 2 5 1 0 1 1 15 0 2 0 248
1 32.25 0.165 1 8 8 3.25 1 1 1 1 2 432 8001
0 20.5 11.835 2 8 8 6 1 0 0 0 2 340 1
1 23.17 11.125 2 14 8 0.46 1 1 1 0 2 100 1
1 23.92 1.5 2 2 8 1.875 1 1 6 0 2 200 328
1 36.75 0.125 1 8 4 1.5 0 0 0 1 2 232 114
0 24.08 0.5 2 11 8 1.25 1 1 1 0 2 0 679
1 22.83 3 2 7 4 1.29 1 1 1 0 2 260 801
0 47.25 0.75 2 11 8 2.75 1 1 1 0 2 333 893
1 27.83 1.54 2 9 4 3.75 1 1 5 1 2 100 4
1 32.67 5.5 2 11 8 5.5 1 1 12 1 2 408 1001
1 30.17 0.5 2 8 4 1.75 1 1 11 0 2 32 541
1 41.75 0.96 2 14 4 2.5 1 0 0 0 2 510 601
1 29.92 1.835 2 8 8 4.335 1 0 0 0 2 260 201
1 19.67 0.375 2 11 4 2 1 1 2 1 2 80 1
1 51.42 0.04 2 14 8 0.04 1 0 0 0 2 0 3001
0 71.58 0 2 8 4 0 0 0 0 0 3 184 1
1 42 0.205 2 3 8 5.125 1 0 0 0 2 400 1
1 44.33 0.5 2 3 8 5 1 0 0 1 2 320 1
1 23.08 11.5 2 3 4 3.5 1 1 9 0 2 56 743
0 17.58 9 2 6 4 1.375 1 0 0 1 2 0 1
1 31.67 16.165 2 2 4 3 1 1 9 0 2 250 731
1 59.67 1.54 2 11 4 0.125 1 0 0 1 2 260 1
0 65.17 14 2 1 1 0 1 1 11 1 2 0 1401
1 48.58 6.5 2 11 8 6 1 0 0 1 2 350 1
1 20.17 9.25 2 8 4 1.665 1 1 3 1 2 40 29
1 48.17 7.625 2 9 8 15.5 1 1 12 0 2 0 791
1 23.25 1.5 2 11 4 2.375 1 1 3 1 2 0 583
0 60.58 16.5 2 11 4 11 1 0 0 1 2 21 10562
0 25 12.33 2 13 8 3.5 1 1 6 0 2 400 459
1 42.83 4.625 2 11 4 4.58 1 0 0 0 1 0 1
1 26.67 1.75 1 8 4 1 1 1 5 1 2 160 5778
1 57.83 7.04 2 7 4 14 1 1 6 1 2 360 1333
1 55.92 11.5 2 1 1 5 1 1 5 0 2 0 8852
1 51.33 10 2 3 5 0 1 1 11 0 2 0 1250
1 27.58 2.04 1 6 4 2 1 1 3 1 2 370 561
1 30.17 6.5 2 13 4 3.125 1 1 8 0 2 330 1201
0 33.67 0.375 2 13 4 0.375 0 0 0 0 2 300 45
1 25.75 0.75 2 8 5 0.25 1 0 0 0 2 349 24
0 18.08 0.375 3 13 1 10 0 0 0 1 1 300 1
1 20.42 7 2 8 4 1.625 1 1 3 0 2 200 1392
1 17.5 22 3 1 7 0 0 0 0 1 3 450 100001
1 47.67 2.5 2 7 5 2.5 1 1 12 1 2 410 2511
1 57.42 8.5 2 10 8 7 1 1 3 0 2 0 1
1 13.75 4 1 9 4 1.75 1 1 2 1 2 120 1001
1 19.33 9.5 2 11 4 1 1 0 0 1 2 60 401
0 45.83 10.5 2 11 4 5 1 1 7 1 2 0 1
0 20.42 7.5 2 4 4 1.5 1 1 1 0 2 160 235
0 21.25 2.335 2 3 5 0.5 1 1 4 0 1 80 1
1 26.67 4.25 2 13 4 4.29 1 1 1 1 2 120 1
1 42.08 1.04 2 9 4 5 1 1 6 1 2 500 10001
0 21.5 6 2 6 4 2.5 1 1 3 0 2 80 919
1 21.83 11 2 14 4 0.29 1 1 6 0 2 121 1
1 32.67 9 1 9 8 5.25 1 0 0 1 2 154 1
1 29.67 1.415 2 9 8 0.75 1 1 1 0 2 240 101
0 20.67 1.835 2 11 4 2.085 1 1 5 0 2 220 2504
1 22.08 0.83 2 8 8 2.165 0 0 0 1 2 128 1
0 35.42 12 2 11 8 14 1 1 8 0 2 0 6591
1 31.92 4.46 2 13 8 6.04 1 1 3 0 2 311 301
1 59.5 2.75 2 9 4 1.75 1 1 5 1 2 60 59
1 25.5 0.375 2 7 4 0.25 1 1 3 0 2 260 15109
1 23.33 1.5 2 8 8 1.415 1 0 0 0 2 422 201
1 47.67 0.29 2 8 5 15 1 1 20 0 2 0 15001
1 43.25 3 2 11 8 6 1 1 11 0 2 80 1
1 56.58 18.5 2 2 5 15 1 1 17 1 2 0 1
0 44.17 6.665 2 11 4 7.375 1 1 3 1 2 0 1
0 44.33 0 2 8 4 2.5 1 0 0 0 2 0 1
0 41.33 1 2 3 5 2.25 1 0 0 1 2 0 301
1 31.67 0.83 2 14 4 1.335 1 1 8 1 2 303 3291
0 17.83 11 2 14 8 1 1 1 11 0 2 0 3001
1 56 12.5 2 4 8 8 1 0 0 1 2 24 2029
0 28.5 3.04 1 14 8 2.54 1 1 1 0 2 70 1
1 32.08 4 2 7 4 2.5 1 0 0 1 2 360 1
0 38.25 6 2 4 4 1 1 0 0 1 2 0 1
1 37.42 2.04 2 9 4 0.04 1 0 0 1 2 400 5801
1 31.33 19.5 2 8 4 7 1 1 16 0 2 0 5001
1 20.5 2.415 2 8 4 2 1 1 11 1 2 200 3001
1 34.92 2.5 2 9 4 0 1 0 0 1 2 239 201
1 37.33 6.5 2 7 8 4.25 1 1 12 1 2 93 1
1 36.67 3.25 2 11 8 9 1 0 0 1 2 102 640
1 22.58 10.04 2 14 4 0.04 1 1 9 0 2 60 397
0 26.92 13.5 2 11 8 5 1 1 2 0 2 0 5001
0 46.67 0.46 2 13 8 0.415 1 1 11 1 2 440 7
1 39.17 1.625 2 8 4 1.5 1 1 10 0 2 186 4701
1 19.17 9.5 2 9 4 1.5 1 0 0 0 2 120 2207
1 39.5 4.25 2 8 5 6.5 1 1 16 0 2 117 1211
1 26.17 0.25 2 3 5 0 1 0 0 1 2 0 1
1 41.92 0.42 2 8 8 0.21 1 1 6 0 2 220 949
1 21.33 7.5 2 6 4 1.415 1 1 1 0 2 80 9801
1 28.25 5.125 2 14 4 4.75 1 1 2 0 2 420 8
0 18.42 9.25 2 11 4 1.21 1 1 4 0 2 60 541
0 23.25 5.875 2 11 4 3.17 1 1 10 0 2 120 246
1 28.33 5 2 9 4 11 1 0 0 1 2 70 1
1 32 1.75 1 10 8 0.04 1 0 0 1 2 393 1
0 28.42 3.5 2 9 4 0.835 1 0 0 0 1 280 1
1 48.17 3.5 2 6 4 3.5 1 0 0 0 1 230 1
0 41 2.04 1 11 8 0.125 1 1 23 1 2 455 1237
1 35.17 25.125 2 14 8 1.625 1 1 1 1 2 515 501
1 28.67 9.335 2 11 8 5.665 1 1 6 0 2 381 169
1 26 1 2 11 4 1.75 1 0 0 1 2 280 1
1 54.33 6.75 2 8 8 2.625 1 1 11 1 2 0 285
1 33.17 3.165 1 14 4 3.165 1 1 3 1 2 380 1
1 23.92 0.665 2 8 4 0.165 0 0 0 0 2 100 1
1 26.67 2.71 1 13 4 5.25 1 1 1 0 2 211 1
0 26.08 8.665 2 6 4 1.415 1 0 0 0 2 160 151
0 37.75 5.5 2 11 4 0.125 1 0 0 1 2 228 1
1 22.67 2.54 1 8 8 2.585 1 0 0 0 2 0 1
1 24.42 12.335 2 11 8 1.585 1 0 0 1 2 120 1
0 25.75 0.5 2 8 8 0.875 1 0 0 1 2 491 1
1 48.58 0.205 1 4 4 0.25 1 1 11 0 2 380 2733
0 22.92 11.585 2 13 4 0.04 1 0 0 0 2 80 1350
1 43 0.29 1 13 8 1.75 1 1 8 0 2 100 376
1 31.57 10.5 2 14 4 6.5 1 0 0 0 2 0 1
0 18.83 9.54 2 6 4 0.08500 1 0 0 0 2 100 1
0 27.42 14.5 2 14 8 3.085 1 1 1 0 2 120 12
1 41 0.04 2 10 4 0.04 0 1 1 0 1 560 1
